id,TVin_SAEM,TVmax_SAEM,beff_SAEM,r_SAEM,kLn_SAEM,sL_SAEM,Kp_SAEM,Kado_SAEM,Vado_SAEM,IC50_SAEM,sR_SAEM,sCf_SAEM,TVin_mean,TVmax_mean,beff_mean,r_mean,kLn_mean,sL_mean,Kp_mean,Kado_mean,Vado_mean,IC50_mean,sR_mean,sCf_mean,TVin_mode,TVmax_mode,beff_mode,r_mode,kLn_mode,sL_mode,Kp_mode,Kado_mode,Vado_mode,IC50_mode,sR_mode,sCf_mode,TVin_sd,TVmax_sd,beff_sd,r_sd,kLn_sd,sL_sd,Kp_sd,Kado_sd,Vado_sd,IC50_sd,sR_sd,sCf_sd,Model,Study,Treat
1,2.06173,3500,0.001,0.522325,209.213,2.46921,1333.37,80,100000,1.86059,50.7824,1,2.05452,3500,0.001,0.521743,209.674,2.44835,1279.92,80,100000,1.82315,51.9388,1,2.05452,3500,0.001,0.521743,209.674,2.42972,1279.92,80,100000,1.82315,52.408,1,0,0,0,0,0,0.291519,0,0,0,0,5.63079,0,CT26,CIV226,Vehicle
2,2.06173,3500,0.001,0.522325,209.213,1.10946,1333.37,80,100000,1.86059,57.0463,1,2.05452,3500,0.001,0.521743,209.674,1.11166,1279.92,80,100000,1.82315,58.9199,1,2.05452,3500,0.001,0.521743,209.674,1.08913,1279.92,80,100000,1.82315,58.4871,1,0,0,0,0,0,0.164945,0,0,0,0,7.88157,0,CT26,CIV226,Vehicle
3,2.06173,3500,0.001,0.522325,209.213,2.80847,1333.37,80,100000,1.86059,53.4033,1,2.05452,3500,0.001,0.521743,209.674,2.77254,1279.92,80,100000,1.82315,53.8033,1,2.05452,3500,0.001,0.521743,209.674,2.74567,1279.92,80,100000,1.82315,55.022,1,0,0,0,0,0,0.380301,0,0,0,0,6.65536,0,CT26,CIV226,Vehicle
4,2.06173,3500,0.001,0.522325,209.213,2.56258,1333.37,80,100000,1.86059,57.2397,1,2.05452,3500,0.001,0.521743,209.674,2.54094,1279.92,80,100000,1.82315,55.5416,1,2.05452,3500,0.001,0.521743,209.674,2.4523,1279.92,80,100000,1.82315,56.0465,1,0,0,0,0,0,0.397056,0,0,0,0,7.50803,0,CT26,CIV226,Vehicle
5,2.06173,3500,0.001,0.522325,209.213,1.70508,1333.37,80,100000,1.86059,59.2395,1,2.05452,3500,0.001,0.521743,209.674,1.75772,1279.92,80,100000,1.82315,59.768,1,2.05452,3500,0.001,0.521743,209.674,1.65781,1279.92,80,100000,1.82315,58.9715,1,0,0,0,0,0,0.241807,0,0,0,0,7.98516,0,CT26,CIV226,Vehicle
6,2.06173,3500,0.001,0.522325,209.213,1.28074,1333.37,80,100000,1.86059,66.8259,1,2.05452,3500,0.001,0.521743,209.674,1.27526,1279.92,80,100000,1.82315,64.9417,1,2.05452,3500,0.001,0.521743,209.674,1.25479,1279.92,80,100000,1.82315,66.2109,1,0,0,0,0,0,0.145734,0,0,0,0,8.74227,0,CT26,CIV226,Vehicle
7,2.06173,3500,0.001,0.522325,209.213,3.97082,1333.37,80,100000,1.86059,53.4077,1,2.05452,3500,0.001,0.521743,209.674,3.92484,1279.92,80,100000,1.82315,52.1956,1,2.05452,3500,0.001,0.521743,209.674,3.822,1279.92,80,100000,1.82315,53.221,1,0,0,0,0,0,0.630577,0,0,0,0,6.95115,0,CT26,CIV226,Vehicle
8,2.06173,3500,0.001,0.522325,209.213,2.43082,1333.37,80,100000,1.86059,56.7983,1,2.05452,3500,0.001,0.521743,209.674,2.42095,1279.92,80,100000,1.82315,57.7994,1,2.05452,3500,0.001,0.521743,209.674,2.36761,1279.92,80,100000,1.82315,57.3177,1,0,0,0,0,0,0.346142,0,0,0,0,6.87375,0,CT26,CIV226,Vehicle
9,2.06173,3500,0.001,0.522325,209.213,2.84048,1333.37,80,100000,1.86059,51.6027,1,2.05452,3500,0.001,0.521743,209.674,2.70776,1279.92,80,100000,1.82315,49.6574,1,2.05452,3500,0.001,0.521743,209.674,2.67498,1279.92,80,100000,1.82315,51.2983,1,0,0,0,0,0,0.445827,0,0,0,0,6.20624,0,CT26,CIV226,Vehicle
10,2.06173,3500,0.001,0.522325,209.213,3.27511,1333.37,80,100000,1.86059,52.314,1,2.05452,3500,0.001,0.521743,209.674,3.27006,1279.92,80,100000,1.82315,53.3192,1,2.05452,3500,0.001,0.521743,209.674,3.15016,1279.92,80,100000,1.82315,52.9485,1,0,0,0,0,0,0.48833,0,0,0,0,6.57372,0,CT26,CIV226,Vehicle
11,2.06173,3500,0.001,0.522325,209.213,1.80422,1333.37,80,100000,1.86059,60.2418,1,2.05452,3500,0.001,0.521743,209.674,1.80064,1279.92,80,100000,1.82315,59.0915,1,2.05452,3500,0.001,0.521743,209.674,1.7492,1279.92,80,100000,1.82315,59.0333,1,0,0,0,0,0,0.260439,0,0,0,0,8.59113,0,CT26,CIV226,AZD4635
12,2.06173,3500,0.001,0.522325,209.213,2.32027,1333.37,80,100000,1.86059,58.8309,1,2.05452,3500,0.001,0.521743,209.674,2.35672,1279.92,80,100000,1.82315,59.1158,1,2.05452,3500,0.001,0.521743,209.674,2.25766,1279.92,80,100000,1.82315,58.1101,1,0,0,0,0,0,0.326794,0,0,0,0,6.49238,0,CT26,CIV226,AZD4635
13,2.06173,3500,0.001,0.522325,209.213,1.45858,1333.37,80,100000,1.86059,58.5224,1,2.05452,3500,0.001,0.521743,209.674,1.48172,1279.92,80,100000,1.82315,59.3705,1,2.05452,3500,0.001,0.521743,209.674,1.42525,1279.92,80,100000,1.82315,58.914,1,0,0,0,0,0,0.226436,0,0,0,0,8.60707,0,CT26,CIV226,AZD4635
14,2.06173,3500,0.001,0.522325,209.213,2.29586,1333.37,80,100000,1.86059,59.657,1,2.05452,3500,0.001,0.521743,209.674,2.35587,1279.92,80,100000,1.82315,59.8873,1,2.05452,3500,0.001,0.521743,209.674,2.27765,1279.92,80,100000,1.82315,60.4206,1,0,0,0,0,0,0.285658,0,0,0,0,7.88894,0,CT26,CIV226,AZD4635
15,2.06173,3500,0.001,0.522325,209.213,2.24983,1333.37,80,100000,1.86059,58.4981,1,2.05452,3500,0.001,0.521743,209.674,2.25169,1279.92,80,100000,1.82315,60.016,1,2.05452,3500,0.001,0.521743,209.674,2.21936,1279.92,80,100000,1.82315,59.8526,1,0,0,0,0,0,0.313933,0,0,0,0,7.64559,0,CT26,CIV226,AZD4635
16,2.06173,3500,0.001,0.522325,209.213,2.05352,1333.37,80,100000,1.86059,60.8843,1,2.05452,3500,0.001,0.521743,209.674,1.95634,1279.92,80,100000,1.82315,60.3268,1,2.05452,3500,0.001,0.521743,209.674,1.92296,1279.92,80,100000,1.82315,60.3392,1,0,0,0,0,0,0.222087,0,0,0,0,7.04436,0,CT26,CIV226,AZD4635
17,2.06173,3500,0.001,0.522325,209.213,1.91582,1333.37,80,100000,1.86059,60.6636,1,2.05452,3500,0.001,0.521743,209.674,1.99909,1279.92,80,100000,1.82315,64.3344,1,2.05452,3500,0.001,0.521743,209.674,1.86056,1279.92,80,100000,1.82315,59.9923,1,0,0,0,0,0,0.248045,0,0,0,0,7.65825,0,CT26,CIV226,AZD4635
18,2.06173,3500,0.001,0.522325,209.213,1.76683,1333.37,80,100000,1.86059,56.6635,1,2.05452,3500,0.001,0.521743,209.674,1.79192,1279.92,80,100000,1.82315,58.7415,1,2.05452,3500,0.001,0.521743,209.674,1.75638,1279.92,80,100000,1.82315,57.8785,1,0,0,0,0,0,0.175365,0,0,0,0,6.24524,0,CT26,CIV226,AZD4635
19,2.06173,3500,0.001,0.522325,209.213,1.785,1333.37,80,100000,1.86059,59.5046,1,2.05452,3500,0.001,0.521743,209.674,1.75953,1279.92,80,100000,1.82315,59.5645,1,2.05452,3500,0.001,0.521743,209.674,1.74329,1279.92,80,100000,1.82315,60.4588,1,0,0,0,0,0,0.22888,0,0,0,0,7.65286,0,CT26,CIV226,AZD4635
20,2.06173,3500,0.001,0.522325,209.213,3.85895,1333.37,80,100000,1.86059,59.1545,1,2.05452,3500,0.001,0.521743,209.674,3.9599,1279.92,80,100000,1.82315,61.6639,1,2.05452,3500,0.001,0.521743,209.674,3.62068,1279.92,80,100000,1.82315,58.2622,1,0,0,0,0,0,0.470184,0,0,0,0,6.87707,0,CT26,CIV226,AZD4635
31,2.06173,3500,0.001,0.522325,209.213,1.98484,1333.37,80,100000,1.86059,55.3882,1,2.05452,3500,0.001,0.521743,209.674,1.96037,1279.92,80,100000,1.82315,55.0585,1,2.05452,3500,0.001,0.521743,209.674,1.92019,1279.92,80,100000,1.82315,54.6045,1,0,0,0,0,0,0.259006,0,0,0,0,6.41873,0,CT26,CIV226,PD1Ab
32,2.06173,3500,0.001,0.522325,209.213,2.09377,1333.37,80,100000,1.86059,59.5178,1,2.05452,3500,0.001,0.521743,209.674,2.09192,1279.92,80,100000,1.82315,59.6344,1,2.05452,3500,0.001,0.521743,209.674,2.01159,1279.92,80,100000,1.82315,58.249,1,0,0,0,0,0,0.232199,0,0,0,0,6.3425,0,CT26,CIV226,PD1Ab
33,2.06173,3500,0.001,0.522325,209.213,2.84732,1333.37,80,100000,1.86059,56.597,1,2.05452,3500,0.001,0.521743,209.674,2.8467,1279.92,80,100000,1.82315,56.1677,1,2.05452,3500,0.001,0.521743,209.674,2.7388,1279.92,80,100000,1.82315,55.7608,1,0,0,0,0,0,0.403631,0,0,0,0,6.65462,0,CT26,CIV226,PD1Ab
34,2.06173,3500,0.001,0.522325,209.213,2.17563,1333.37,80,100000,1.86059,60.5929,1,2.05452,3500,0.001,0.521743,209.674,2.15796,1279.92,80,100000,1.82315,58.6366,1,2.05452,3500,0.001,0.521743,209.674,2.06266,1279.92,80,100000,1.82315,58.0972,1,0,0,0,0,0,0.221351,0,0,0,0,5.69741,0,CT26,CIV226,PD1Ab
35,2.06173,3500,0.001,0.522325,209.213,1.9886,1333.37,80,100000,1.86059,57.8967,1,2.05452,3500,0.001,0.521743,209.674,2.02877,1279.92,80,100000,1.82315,59.1203,1,2.05452,3500,0.001,0.521743,209.674,1.90113,1279.92,80,100000,1.82315,56.8528,1,0,0,0,0,0,0.246532,0,0,0,0,6.22804,0,CT26,CIV226,PD1Ab
36,2.06173,3500,0.001,0.522325,209.213,1.33824,1333.37,80,100000,1.86059,55.3106,1,2.05452,3500,0.001,0.521743,209.674,1.32079,1279.92,80,100000,1.82315,54.2253,1,2.05452,3500,0.001,0.521743,209.674,1.32799,1279.92,80,100000,1.82315,55.8125,1,0,0,0,0,0,0.115412,0,0,0,0,4.53803,0,CT26,CIV226,PD1Ab
37,2.06173,3500,0.001,0.522325,209.213,2.7175,1333.37,80,100000,1.86059,63.7012,1,2.05452,3500,0.001,0.521743,209.674,2.60001,1279.92,80,100000,1.82315,60.9663,1,2.05452,3500,0.001,0.521743,209.674,2.55919,1279.92,80,100000,1.82315,61.3939,1,0,0,0,0,0,0.25611,0,0,0,0,5.14587,0,CT26,CIV226,PD1Ab
38,2.06173,3500,0.001,0.522325,209.213,2.08548,1333.37,80,100000,1.86059,55.9128,1,2.05452,3500,0.001,0.521743,209.674,2.05021,1279.92,80,100000,1.82315,55.152,1,2.05452,3500,0.001,0.521743,209.674,2.03508,1279.92,80,100000,1.82315,55.4654,1,0,0,0,0,0,0.211546,0,0,0,0,5.73127,0,CT26,CIV226,PD1Ab
39,2.06173,3500,0.001,0.522325,209.213,3.78065,1333.37,80,100000,1.86059,55.4222,1,2.05452,3500,0.001,0.521743,209.674,3.9125,1279.92,80,100000,1.82315,56.8076,1,2.05452,3500,0.001,0.521743,209.674,3.71372,1279.92,80,100000,1.82315,56.8545,1,0,0,0,0,0,0.558004,0,0,0,0,8.11853,0,CT26,CIV226,PD1Ab
40,2.06173,3500,0.001,0.522325,209.213,2.9331,1333.37,80,100000,1.86059,57.3578,1,2.05452,3500,0.001,0.521743,209.674,3.01024,1279.92,80,100000,1.82315,58.9803,1,2.05452,3500,0.001,0.521743,209.674,2.87612,1279.92,80,100000,1.82315,58.2195,1,0,0,0,0,0,0.435245,0,0,0,0,7.43025,0,CT26,CIV226,PD1Ab
41,2.06173,3500,0.001,0.522325,209.213,1.67942,1333.37,80,100000,1.86059,54.7159,1,2.05452,3500,0.001,0.521743,209.674,1.70713,1279.92,80,100000,1.82315,55.0531,1,2.05452,3500,0.001,0.521743,209.674,1.65364,1279.92,80,100000,1.82315,54.5726,1,0,0,0,0,0,0.166446,0,0,0,0,5.4259,0,CT26,CIV226,BID50
42,2.06173,3500,0.001,0.522325,209.213,2.25855,1333.37,80,100000,1.86059,57.1089,1,2.05452,3500,0.001,0.521743,209.674,2.16612,1279.92,80,100000,1.82315,54.4022,1,2.05452,3500,0.001,0.521743,209.674,2.18442,1279.92,80,100000,1.82315,55.8128,1,0,0,0,0,0,0.282065,0,0,0,0,6.71756,0,CT26,CIV226,BID50
43,2.06173,3500,0.001,0.522325,209.213,2.18429,1333.37,80,100000,1.86059,55.3178,1,2.05452,3500,0.001,0.521743,209.674,2.25585,1279.92,80,100000,1.82315,56.6929,1,2.05452,3500,0.001,0.521743,209.674,2.1646,1279.92,80,100000,1.82315,55.9567,1,0,0,0,0,0,0.256723,0,0,0,0,5.96571,0,CT26,CIV226,BID50
44,2.06173,3500,0.001,0.522325,209.213,2.47267,1333.37,80,100000,1.86059,60.6277,1,2.05452,3500,0.001,0.521743,209.674,2.49661,1279.92,80,100000,1.82315,59.9717,1,2.05452,3500,0.001,0.521743,209.674,2.41628,1279.92,80,100000,1.82315,60.2017,1,0,0,0,0,0,0.275175,0,0,0,0,5.76321,0,CT26,CIV226,BID50
45,2.06173,3500,0.001,0.522325,209.213,1.71157,1333.37,80,100000,1.86059,54.7396,1,2.05452,3500,0.001,0.521743,209.674,1.61941,1279.92,80,100000,1.82315,51.6951,1,2.05452,3500,0.001,0.521743,209.674,1.68786,1279.92,80,100000,1.82315,54.4507,1,0,0,0,0,0,0.23861,0,0,0,0,7.09273,0,CT26,CIV226,BID50
46,2.06173,3500,0.001,0.522325,209.213,1.84969,1333.37,80,100000,1.86059,61.4452,1,2.05452,3500,0.001,0.521743,209.674,1.8188,1279.92,80,100000,1.82315,60.2201,1,2.05452,3500,0.001,0.521743,209.674,1.75415,1279.92,80,100000,1.82315,59.0975,1,0,0,0,0,0,0.233046,0,0,0,0,7.39835,0,CT26,CIV226,BID50
47,2.06173,3500,0.001,0.522325,209.213,1.49104,1333.37,80,100000,1.86059,61.9615,1,2.05452,3500,0.001,0.521743,209.674,1.40411,1279.92,80,100000,1.82315,58.6565,1,2.05452,3500,0.001,0.521743,209.674,1.3845,1279.92,80,100000,1.82315,58.3496,1,0,0,0,0,0,0.156596,0,0,0,0,5.98314,0,CT26,CIV226,BID50
48,2.06173,3500,0.001,0.522325,209.213,2.52177,1333.37,80,100000,1.86059,55.9489,1,2.05452,3500,0.001,0.521743,209.674,2.46836,1279.92,80,100000,1.82315,54.5254,1,2.05452,3500,0.001,0.521743,209.674,2.41727,1279.92,80,100000,1.82315,54.5001,1,0,0,0,0,0,0.338833,0,0,0,0,6.8821,0,CT26,CIV226,BID50
49,2.06173,3500,0.001,0.522325,209.213,3.37832,1333.37,80,100000,1.86059,50.0097,1,2.05452,3500,0.001,0.521743,209.674,3.57327,1279.92,80,100000,1.82315,52.6318,1,2.05452,3500,0.001,0.521743,209.674,3.36804,1279.92,80,100000,1.82315,51.115,1,0,0,0,0,0,0.482833,0,0,0,0,5.50038,0,CT26,CIV226,BID50
50,2.06173,3500,0.001,0.522325,209.213,2.52584,1333.37,80,100000,1.86059,56.8616,1,2.05452,3500,0.001,0.521743,209.674,2.54908,1279.92,80,100000,1.82315,58.0003,1,2.05452,3500,0.001,0.521743,209.674,2.46665,1279.92,80,100000,1.82315,56.9969,1,0,0,0,0,0,0.28412,0,0,0,0,6.34011,0,CT26,CIV226,BID50
101,2.06173,3500,0.001,0.522325,209.213,2.26704,1333.37,80,60653.1,1.86059,46.0307,1,2.05452,3500,0.001,0.521743,209.674,2.35245,1279.92,80,60653.1,1.82315,47.8204,1,2.05452,3500,0.001,0.521743,209.674,2.21261,1279.92,80,60653.1,1.82315,47.2629,1,0,0,0,0,0,0.390446,0,0,0,0,5.48391,0,MC38,CIV227,Vehicle
102,2.06173,3500,0.001,0.522325,209.213,2.8872,1333.37,80,60653.1,1.86059,45.8839,1,2.05452,3500,0.001,0.521743,209.674,2.74704,1279.92,80,60653.1,1.82315,44.5827,1,2.05452,3500,0.001,0.521743,209.674,2.70194,1279.92,80,60653.1,1.82315,45.4016,1,0,0,0,0,0,0.359415,0,0,0,0,4.60416,0,MC38,CIV227,Vehicle
103,2.06173,3500,0.001,0.522325,209.213,1.60074,1333.37,80,60653.1,1.86059,48.6307,1,2.05452,3500,0.001,0.521743,209.674,1.62767,1279.92,80,60653.1,1.82315,48.8909,1,2.05452,3500,0.001,0.521743,209.674,1.60768,1279.92,80,60653.1,1.82315,49.4088,1,0,0,0,0,0,0.201783,0,0,0,0,5.844,0,MC38,CIV227,Vehicle
104,2.06173,3500,0.001,0.522325,209.213,4.52842,1333.37,80,60653.1,1.86059,43.8266,1,2.05452,3500,0.001,0.521743,209.674,4.6638,1279.92,80,60653.1,1.82315,45.792,1,2.05452,3500,0.001,0.521743,209.674,4.38676,1279.92,80,60653.1,1.82315,44.7475,1,0,0,0,0,0,0.855983,0,0,0,0,6.63581,0,MC38,CIV227,Vehicle
106,2.06173,3500,0.001,0.522325,209.213,1.92934,1333.37,80,60653.1,1.86059,48.5853,1,2.05452,3500,0.001,0.521743,209.674,1.92029,1279.92,80,60653.1,1.82315,48.6365,1,2.05452,3500,0.001,0.521743,209.674,1.84058,1279.92,80,60653.1,1.82315,48.0709,1,0,0,0,0,0,0.317116,0,0,0,0,6.04824,0,MC38,CIV227,Vehicle
107,2.06173,3500,0.001,0.522325,209.213,3.63288,1333.37,80,60653.1,1.86059,42.9314,1,2.05452,3500,0.001,0.521743,209.674,3.83551,1279.92,80,60653.1,1.82315,46.1481,1,2.05452,3500,0.001,0.521743,209.674,3.58696,1279.92,80,60653.1,1.82315,43.9752,1,0,0,0,0,0,0.623692,0,0,0,0,5.92465,0,MC38,CIV227,Vehicle
108,2.06173,3500,0.001,0.522325,209.213,2.01568,1333.37,80,60653.1,1.86059,47.6531,1,2.05452,3500,0.001,0.521743,209.674,2.00034,1279.92,80,60653.1,1.82315,45.9724,1,2.05452,3500,0.001,0.521743,209.674,1.97679,1279.92,80,60653.1,1.82315,47.3122,1,0,0,0,0,0,0.267612,0,0,0,0,5.14582,0,MC38,CIV227,Vehicle
109,2.06173,3500,0.001,0.522325,209.213,3.39307,1333.37,80,60653.1,1.86059,43.9697,1,2.05452,3500,0.001,0.521743,209.674,3.5399,1279.92,80,60653.1,1.82315,45.313,1,2.05452,3500,0.001,0.521743,209.674,3.35114,1279.92,80,60653.1,1.82315,45.1217,1,0,0,0,0,0,0.520822,0,0,0,0,5.17581,0,MC38,CIV227,Vehicle
111,2.06173,3500,0.001,0.522325,209.213,3.29168,1333.37,80,60653.1,1.86059,46.7862,1,2.05452,3500,0.001,0.521743,209.674,3.23459,1279.92,80,60653.1,1.82315,47.1794,1,2.05452,3500,0.001,0.521743,209.674,3.17171,1279.92,80,60653.1,1.82315,47.7171,1,0,0,0,0,0,0.487991,0,0,0,0,5.34019,0,MC38,CIV227,Vehicle
114,2.06173,3500,0.001,0.522325,209.213,1.7203,1333.37,80,60653.1,1.86059,48.1442,1,2.05452,3500,0.001,0.521743,209.674,1.74979,1279.92,80,60653.1,1.82315,49.8439,1,2.05452,3500,0.001,0.521743,209.674,1.65546,1279.92,80,60653.1,1.82315,47.9526,1,0,0,0,0,0,0.253992,0,0,0,0,6.37846,0,MC38,CIV227,AZD4635
115,2.06173,3500,0.001,0.522325,209.213,1.78729,1333.37,80,60653.1,1.86059,49.5207,1,2.05452,3500,0.001,0.521743,209.674,1.7306,1279.92,80,60653.1,1.82315,48.4478,1,2.05452,3500,0.001,0.521743,209.674,1.69469,1279.92,80,60653.1,1.82315,49.3778,1,0,0,0,0,0,0.287765,0,0,0,0,6.88044,0,MC38,CIV227,AZD4635
116,2.06173,3500,0.001,0.522325,209.213,2.31538,1333.37,80,60653.1,1.86059,50.0646,1,2.05452,3500,0.001,0.521743,209.674,2.31953,1279.92,80,60653.1,1.82315,50.7941,1,2.05452,3500,0.001,0.521743,209.674,2.20275,1279.92,80,60653.1,1.82315,50.2888,1,0,0,0,0,0,0.27561,0,0,0,0,5.75264,0,MC38,CIV227,AZD4635
117,2.06173,3500,0.001,0.522325,209.213,2.06837,1333.37,80,60653.1,1.86059,49.684,1,2.05452,3500,0.001,0.521743,209.674,2.12768,1279.92,80,60653.1,1.82315,51.5859,1,2.05452,3500,0.001,0.521743,209.674,2.09779,1279.92,80,60653.1,1.82315,51.4191,1,0,0,0,0,0,0.293927,0,0,0,0,5.93014,0,MC38,CIV227,AZD4635
118,2.06173,3500,0.001,0.522325,209.213,2.52144,1333.37,80,60653.1,1.86059,48.0053,1,2.05452,3500,0.001,0.521743,209.674,2.39507,1279.92,80,60653.1,1.82315,47.1642,1,2.05452,3500,0.001,0.521743,209.674,2.34738,1279.92,80,60653.1,1.82315,47.0545,1,0,0,0,0,0,0.330705,0,0,0,0,6.3259,0,MC38,CIV227,AZD4635
119,2.06173,3500,0.001,0.522325,209.213,1.55392,1333.37,80,60653.1,1.86059,55.3894,1,2.05452,3500,0.001,0.521743,209.674,1.57295,1279.92,80,60653.1,1.82315,56.7789,1,2.05452,3500,0.001,0.521743,209.674,1.46368,1279.92,80,60653.1,1.82315,53.8892,1,0,0,0,0,0,0.167414,0,0,0,0,5.46291,0,MC38,CIV227,AZD4635
120,2.06173,3500,0.001,0.522325,209.213,1.95161,1333.37,80,60653.1,1.86059,49.7398,1,2.05452,3500,0.001,0.521743,209.674,2.02393,1279.92,80,60653.1,1.82315,50.5888,1,2.05452,3500,0.001,0.521743,209.674,1.8995,1279.92,80,60653.1,1.82315,49.3821,1,0,0,0,0,0,0.286709,0,0,0,0,6.2181,0,MC38,CIV227,AZD4635
124,2.06173,3500,0.001,0.522325,209.213,1.7944,1333.37,80,60653.1,1.86059,52.8141,1,2.05452,3500,0.001,0.521743,209.674,1.81379,1279.92,80,60653.1,1.82315,53.1983,1,2.05452,3500,0.001,0.521743,209.674,1.77815,1279.92,80,60653.1,1.82315,53.1094,1,0,0,0,0,0,0.262305,0,0,0,0,6.5884,0,MC38,CIV227,AZD4635
125,2.06173,3500,0.001,0.522325,209.213,2.24123,1333.37,80,60653.1,1.86059,46.5662,1,2.05452,3500,0.001,0.521743,209.674,2.32539,1279.92,80,60653.1,1.82315,48.7207,1,2.05452,3500,0.001,0.521743,209.674,2.16801,1279.92,80,60653.1,1.82315,47.1768,1,0,0,0,0,0,0.360299,0,0,0,0,6.03648,0,MC38,CIV227,AZD4635
140,2.06173,3500,0.001,0.522325,209.213,3.17248,1333.37,80,60653.1,1.86059,42.6108,1,2.05452,3500,0.001,0.521743,209.674,3.33838,1279.92,80,60653.1,1.82315,44.4205,1,2.05452,3500,0.001,0.521743,209.674,3.1031,1279.92,80,60653.1,1.82315,42.5388,1,0,0,0,0,0,0.5381,0,0,0,0,5.47226,0,MC38,CIV227,PD1Ab
141,2.06173,3500,0.001,0.522325,209.213,1.74446,1333.37,80,60653.1,1.86059,54.714,1,2.05452,3500,0.001,0.521743,209.674,1.66371,1279.92,80,60653.1,1.82315,52.7881,1,2.05452,3500,0.001,0.521743,209.674,1.68471,1279.92,80,60653.1,1.82315,53.8889,1,0,0,0,0,0,0.16322,0,0,0,0,4.921,0,MC38,CIV227,PD1Ab
142,2.06173,3500,0.001,0.522325,209.213,2.48523,1333.37,80,60653.1,1.86059,45.8626,1,2.05452,3500,0.001,0.521743,209.674,2.59461,1279.92,80,60653.1,1.82315,47.6751,1,2.05452,3500,0.001,0.521743,209.674,2.41925,1279.92,80,60653.1,1.82315,46.1346,1,0,0,0,0,0,0.327559,0,0,0,0,5.1295,0,MC38,CIV227,PD1Ab
143,2.06173,3500,0.001,0.522325,209.213,2.5407,1333.37,80,60653.1,1.86059,53.89,1,2.05452,3500,0.001,0.521743,209.674,2.56291,1279.92,80,60653.1,1.82315,54.6707,1,2.05452,3500,0.001,0.521743,209.674,2.44146,1279.92,80,60653.1,1.82315,53.3241,1,0,0,0,0,0,0.325098,0,0,0,0,6.47092,0,MC38,CIV227,PD1Ab
144,2.06173,3500,0.001,0.522325,209.213,1.90665,1333.37,80,60653.1,1.86059,52.6517,1,2.05452,3500,0.001,0.521743,209.674,1.91929,1279.92,80,60653.1,1.82315,53.4405,1,2.05452,3500,0.001,0.521743,209.674,1.91198,1279.92,80,60653.1,1.82315,53.8217,1,0,0,0,0,0,0.208724,0,0,0,0,5.82841,0,MC38,CIV227,PD1Ab
145,2.06173,3500,0.001,0.522325,209.213,1.75748,1333.37,80,60653.1,1.86059,55.9607,1,2.05452,3500,0.001,0.521743,209.674,1.77669,1279.92,80,60653.1,1.82315,56.7857,1,2.05452,3500,0.001,0.521743,209.674,1.77771,1279.92,80,60653.1,1.82315,57.4775,1,0,0,0,0,0,0.142887,0,0,0,0,4.23935,0,MC38,CIV227,PD1Ab
146,2.06173,3500,0.001,0.522325,209.213,2.69378,1333.37,80,60653.1,1.86059,51.4234,1,2.05452,3500,0.001,0.521743,209.674,2.80095,1279.92,80,60653.1,1.82315,52.2447,1,2.05452,3500,0.001,0.521743,209.674,2.64178,1279.92,80,60653.1,1.82315,51.558,1,0,0,0,0,0,0.376385,0,0,0,0,4.96013,0,MC38,CIV227,PD1Ab
147,2.06173,3500,0.001,0.522325,209.213,1.746,1333.37,80,60653.1,1.86059,49.6048,1,2.05452,3500,0.001,0.521743,209.674,1.7294,1279.92,80,60653.1,1.82315,48.8201,1,2.05452,3500,0.001,0.521743,209.674,1.70031,1279.92,80,60653.1,1.82315,49.0484,1,0,0,0,0,0,0.218324,0,0,0,0,5.22206,0,MC38,CIV227,PD1Ab
152,2.06173,3500,0.001,0.522325,209.213,2.17582,1333.37,80,60653.1,1.86059,51.0705,1,2.05452,3500,0.001,0.521743,209.674,2.09572,1279.92,80,60653.1,1.82315,48.5599,1,2.05452,3500,0.001,0.521743,209.674,2.05864,1279.92,80,60653.1,1.82315,49.9155,1,0,0,0,0,0,0.283763,0,0,0,0,5.96086,0,MC38,CIV227,PD1Ab
166,2.06173,3500,0.001,0.522325,209.213,1.87265,1333.37,80,60653.1,1.86059,44.7821,1,2.05452,3500,0.001,0.521743,209.674,1.81423,1279.92,80,60653.1,1.82315,43.5826,1,2.05452,3500,0.001,0.521743,209.674,1.78419,1279.92,80,60653.1,1.82315,43.6921,1,0,0,0,0,0,0.270512,0,0,0,0,5.46265,0,MC38,CIV227,BID50
167,2.06173,3500,0.001,0.522325,209.213,1.90851,1333.37,80,60653.1,1.86059,55.3124,1,2.05452,3500,0.001,0.521743,209.674,1.97097,1279.92,80,60653.1,1.82315,56.6634,1,2.05452,3500,0.001,0.521743,209.674,1.89035,1279.92,80,60653.1,1.82315,55.3136,1,0,0,0,0,0,0.198007,0,0,0,0,4.94974,0,MC38,CIV227,BID50
168,2.06173,3500,0.001,0.522325,209.213,1.82443,1333.37,80,60653.1,1.86059,47.3855,1,2.05452,3500,0.001,0.521743,209.674,1.86965,1279.92,80,60653.1,1.82315,48.6122,1,2.05452,3500,0.001,0.521743,209.674,1.83063,1279.92,80,60653.1,1.82315,48.633,1,0,0,0,0,0,0.247135,0,0,0,0,6.00422,0,MC38,CIV227,BID50
169,2.06173,3500,0.001,0.522325,209.213,2.06224,1333.37,80,60653.1,1.86059,50.6383,1,2.05452,3500,0.001,0.521743,209.674,2.01568,1279.92,80,60653.1,1.82315,49.6662,1,2.05452,3500,0.001,0.521743,209.674,2.01644,1279.92,80,60653.1,1.82315,50.2073,1,0,0,0,0,0,0.283517,0,0,0,0,6.10118,0,MC38,CIV227,BID50
170,2.06173,3500,0.001,0.522325,209.213,1.85767,1333.37,80,60653.1,1.86059,49.8298,1,2.05452,3500,0.001,0.521743,209.674,1.91495,1279.92,80,60653.1,1.82315,50.7357,1,2.05452,3500,0.001,0.521743,209.674,1.86422,1279.92,80,60653.1,1.82315,50.3642,1,0,0,0,0,0,0.245039,0,0,0,0,5.88801,0,MC38,CIV227,BID50
171,2.06173,3500,0.001,0.522325,209.213,2.25903,1333.37,80,60653.1,1.86059,48.7717,1,2.05452,3500,0.001,0.521743,209.674,2.19909,1279.92,80,60653.1,1.82315,47.5277,1,2.05452,3500,0.001,0.521743,209.674,2.1611,1279.92,80,60653.1,1.82315,47.8761,1,0,0,0,0,0,0.267716,0,0,0,0,5.00639,0,MC38,CIV227,BID50
173,2.06173,3500,0.001,0.522325,209.213,1.3038,1333.37,80,60653.1,1.86059,47.9695,1,2.05452,3500,0.001,0.521743,209.674,1.29735,1279.92,80,60653.1,1.82315,47.5026,1,2.05452,3500,0.001,0.521743,209.674,1.27111,1279.92,80,60653.1,1.82315,46.9328,1,0,0,0,0,0,0.183624,0,0,0,0,6.14582,0,MC38,CIV227,BID50
174,2.06173,3500,0.001,0.522325,209.213,2.18558,1333.37,80,60653.1,1.86059,52.1129,1,2.05452,3500,0.001,0.521743,209.674,2.25613,1279.92,80,60653.1,1.82315,54.1193,1,2.05452,3500,0.001,0.521743,209.674,2.22951,1279.92,80,60653.1,1.82315,54.293,1,0,0,0,0,0,0.237608,0,0,0,0,4.67122,0,MC38,CIV227,BID50
178,2.06173,3500,0.001,0.522325,209.213,1.85556,1333.37,80,60653.1,1.86059,48.7757,1,2.05452,3500,0.001,0.521743,209.674,1.96384,1279.92,80,60653.1,1.82315,51.4403,1,2.05452,3500,0.001,0.521743,209.674,1.82001,1279.92,80,60653.1,1.82315,49.7434,1,0,0,0,0,0,0.272531,0,0,0,0,6.4888,0,MC38,CIV227,BID50
201,4.11051,3500,0.001,0.522325,209.213,4.33555,1333.37,80,4978.71,1.86059,97.0558,1,4.09614,3500,0.001,0.521743,209.674,4.36648,1279.92,80,4978.71,1.82315,96.0997,1,4.09614,3500,0.001,0.521743,209.674,4.19124,1279.92,80,4978.71,1.82315,96.682,1,0,0,0,0,0,0.608343,0,0,0,0,12.4887,0,MCA205,CIV151,Vehicle
202,4.11051,3500,0.001,0.522325,209.213,5.73258,1333.37,80,4978.71,1.86059,91.5723,1,4.09614,3500,0.001,0.521743,209.674,5.91212,1279.92,80,4978.71,1.82315,94.6331,1,4.09614,3500,0.001,0.521743,209.674,5.58215,1279.92,80,4978.71,1.82315,92.9104,1,0,0,0,0,0,0.932449,0,0,0,0,13.1176,0,MCA205,CIV151,Vehicle
203,4.11051,3500,0.001,0.522325,209.213,5.26404,1333.37,80,4978.71,1.86059,92.6724,1,4.09614,3500,0.001,0.521743,209.674,5.19509,1279.92,80,4978.71,1.82315,90.8718,1,4.09614,3500,0.001,0.521743,209.674,5.04963,1279.92,80,4978.71,1.82315,90.8898,1,0,0,0,0,0,0.775623,0,0,0,0,11.2853,0,MCA205,CIV151,Vehicle
204,4.11051,3500,0.001,0.522325,209.213,3.98888,1333.37,80,4978.71,1.86059,109.43,1,4.09614,3500,0.001,0.521743,209.674,4.05919,1279.92,80,4978.71,1.82315,108.855,1,4.09614,3500,0.001,0.521743,209.674,3.88831,1279.92,80,4978.71,1.82315,107.72,1,0,0,0,0,0,0.578173,0,0,0,0,13.4497,0,MCA205,CIV151,Vehicle
205,4.11051,3500,0.001,0.522325,209.213,8.5335,1333.37,80,4978.71,1.86059,82.4448,1,4.09614,3500,0.001,0.521743,209.674,8.17888,1279.92,80,4978.71,1.82315,82.0597,1,4.09614,3500,0.001,0.521743,209.674,7.95079,1279.92,80,4978.71,1.82315,82.6378,1,0,0,0,0,0,1.48477,0,0,0,0,13.0212,0,MCA205,CIV151,Vehicle
206,4.11051,3500,0.001,0.522325,209.213,6.46507,1333.37,80,4978.71,1.86059,92.6389,1,4.09614,3500,0.001,0.521743,209.674,6.49936,1279.92,80,4978.71,1.82315,91.4232,1,4.09614,3500,0.001,0.521743,209.674,6.21367,1279.92,80,4978.71,1.82315,90.5563,1,0,0,0,0,0,0.998166,0,0,0,0,12.4807,0,MCA205,CIV151,Vehicle
207,4.11051,3500,0.001,0.522325,209.213,7.58701,1333.37,80,4978.71,1.86059,83.781,1,4.09614,3500,0.001,0.521743,209.674,7.25974,1279.92,80,4978.71,1.82315,84.6156,1,4.09614,3500,0.001,0.521743,209.674,7.13505,1279.92,80,4978.71,1.82315,84.1093,1,0,0,0,0,0,1.40546,0,0,0,0,10.0418,0,MCA205,CIV151,Vehicle
208,4.11051,3500,0.001,0.522325,209.213,4.53373,1333.37,80,4978.71,1.86059,99.3653,1,4.09614,3500,0.001,0.521743,209.674,4.51715,1279.92,80,4978.71,1.82315,100.986,1,4.09614,3500,0.001,0.521743,209.674,4.3322,1279.92,80,4978.71,1.82315,98.4883,1,0,0,0,0,0,0.721154,0,0,0,0,13.3999,0,MCA205,CIV151,Vehicle
209,4.11051,3500,0.001,0.522325,209.213,7.72521,1333.37,80,4978.71,1.86059,90.3065,1,4.09614,3500,0.001,0.521743,209.674,7.86272,1279.92,80,4978.71,1.82315,91.15,1,4.09614,3500,0.001,0.521743,209.674,7.71089,1279.92,80,4978.71,1.82315,91.5597,1,0,0,0,0,0,1.23494,0,0,0,0,13.2461,0,MCA205,CIV151,Vehicle
210,4.11051,3500,0.001,0.522325,209.213,5.78913,1333.37,80,4978.71,1.86059,91.4657,1,4.09614,3500,0.001,0.521743,209.674,5.80527,1279.92,80,4978.71,1.82315,92.6956,1,4.09614,3500,0.001,0.521743,209.674,5.59811,1279.92,80,4978.71,1.82315,91.4015,1,0,0,0,0,0,0.883759,0,0,0,0,11.2869,0,MCA205,CIV151,Vehicle
211,4.11051,3500,0.001,0.522325,209.213,4.36633,1333.37,80,4978.71,1.86059,94.9809,1,4.09614,3500,0.001,0.521743,209.674,4.78827,1279.92,80,4978.71,1.82315,98.5026,1,4.09614,3500,0.001,0.521743,209.674,4.38764,1279.92,80,4978.71,1.82315,96.5359,1,0,0,0,0,0,1.11935,0,0,0,0,13.4794,0,MCA205,CIV151,AZD4635
212,4.11051,3500,0.001,0.522325,209.213,3.87108,1333.37,80,4978.71,1.86059,110.734,1,4.09614,3500,0.001,0.521743,209.674,3.81067,1279.92,80,4978.71,1.82315,109.069,1,4.09614,3500,0.001,0.521743,209.674,3.71161,1279.92,80,4978.71,1.82315,107.243,1,0,0,0,0,0,0.446599,0,0,0,0,13.3523,0,MCA205,CIV151,AZD4635
213,4.11051,3500,0.001,0.522325,209.213,3.50298,1333.37,80,4978.71,1.86059,97.7639,1,4.09614,3500,0.001,0.521743,209.674,3.56724,1279.92,80,4978.71,1.82315,99.8074,1,4.09614,3500,0.001,0.521743,209.674,3.50127,1279.92,80,4978.71,1.82315,100.471,1,0,0,0,0,0,0.464902,0,0,0,0,11.4555,0,MCA205,CIV151,AZD4635
214,4.11051,3500,0.001,0.522325,209.213,6.86709,1333.37,80,4978.71,1.86059,92.0945,1,4.09614,3500,0.001,0.521743,209.674,6.89633,1279.92,80,4978.71,1.82315,92.4842,1,4.09614,3500,0.001,0.521743,209.674,6.48375,1279.92,80,4978.71,1.82315,90.6694,1,0,0,0,0,0,0.933587,0,0,0,0,10.0174,0,MCA205,CIV151,AZD4635
215,4.11051,3500,0.001,0.522325,209.213,5.04177,1333.37,80,4978.71,1.86059,104.42,1,4.09614,3500,0.001,0.521743,209.674,4.93309,1279.92,80,4978.71,1.82315,103.128,1,4.09614,3500,0.001,0.521743,209.674,4.9327,1279.92,80,4978.71,1.82315,104.509,1,0,0,0,0,0,0.688169,0,0,0,0,13.9443,0,MCA205,CIV151,AZD4635
216,4.11051,3500,0.001,0.522325,209.213,3.40116,1333.37,80,4978.71,1.86059,105.983,1,4.09614,3500,0.001,0.521743,209.674,3.48001,1279.92,80,4978.71,1.82315,112.712,1,4.09614,3500,0.001,0.521743,209.674,3.33369,1279.92,80,4978.71,1.82315,107.542,1,0,0,0,0,0,0.402652,0,0,0,0,15.4388,0,MCA205,CIV151,AZD4635
217,4.11051,3500,0.001,0.522325,209.213,6.61254,1333.37,80,4978.71,1.86059,99.5398,1,4.09614,3500,0.001,0.521743,209.674,6.23541,1279.92,80,4978.71,1.82315,96.0934,1,4.09614,3500,0.001,0.521743,209.674,6.13472,1279.92,80,4978.71,1.82315,95.5936,1,0,0,0,0,0,0.897617,0,0,0,0,11.7022,0,MCA205,CIV151,AZD4635
218,4.11051,3500,0.001,0.522325,209.213,2.97905,1333.37,80,4978.71,1.86059,120.84,1,4.09614,3500,0.001,0.521743,209.674,2.79645,1279.92,80,4978.71,1.82315,110.153,1,4.09614,3500,0.001,0.521743,209.674,2.77749,1279.92,80,4978.71,1.82315,112.546,1,0,0,0,0,0,0.292782,0,0,0,0,14.2013,0,MCA205,CIV151,AZD4635
219,4.11051,3500,0.001,0.522325,209.213,5.68519,1333.37,80,4978.71,1.86059,91.9989,1,4.09614,3500,0.001,0.521743,209.674,5.87417,1279.92,80,4978.71,1.82315,97.1012,1,4.09614,3500,0.001,0.521743,209.674,5.47382,1279.92,80,4978.71,1.82315,93.1153,1,0,0,0,0,0,0.804964,0,0,0,0,10.1751,0,MCA205,CIV151,AZD4635
220,4.11051,3500,0.001,0.522325,209.213,4.59737,1333.37,80,4978.71,1.86059,95.8721,1,4.09614,3500,0.001,0.521743,209.674,4.68297,1279.92,80,4978.71,1.82315,96.0916,1,4.09614,3500,0.001,0.521743,209.674,4.45213,1279.92,80,4978.71,1.82315,96.0849,1,0,0,0,0,0,0.8211,0,0,0,0,13.7184,0,MCA205,CIV151,AZD4635
221,4.11051,3500,0.001,0.522325,209.213,7.25266,1333.37,80,4978.71,1.86059,93.6945,1,4.09614,3500,0.001,0.521743,209.674,7.19963,1279.92,80,4978.71,1.82315,94.1943,1,4.09614,3500,0.001,0.521743,209.674,6.80019,1279.92,80,4978.71,1.82315,91.4311,1,0,0,0,0,0,0.964473,0,0,0,0,10.5562,0,MCA205,CIV151,PD1Ab
222,4.11051,3500,0.001,0.522325,209.213,2.95692,1333.37,80,4978.71,1.86059,109.557,1,4.09614,3500,0.001,0.521743,209.674,2.86207,1279.92,80,4978.71,1.82315,105.313,1,4.09614,3500,0.001,0.521743,209.674,2.91239,1279.92,80,4978.71,1.82315,109.564,1,0,0,0,0,0,0.257582,0,0,0,0,12.3081,0,MCA205,CIV151,PD1Ab
223,4.11051,3500,0.001,0.522325,209.213,4.27046,1333.37,80,4978.71,1.86059,101.231,1,4.09614,3500,0.001,0.521743,209.674,4.26928,1279.92,80,4978.71,1.82315,98.9649,1,4.09614,3500,0.001,0.521743,209.674,4.14199,1279.92,80,4978.71,1.82315,99.3199,1,0,0,0,0,0,0.418302,0,0,0,0,12.5315,0,MCA205,CIV151,PD1Ab
224,4.11051,3500,0.001,0.522325,209.213,5.20555,1333.37,80,4978.71,1.86059,103.397,1,4.09614,3500,0.001,0.521743,209.674,5.2346,1279.92,80,4978.71,1.82315,103.896,1,4.09614,3500,0.001,0.521743,209.674,5.04919,1279.92,80,4978.71,1.82315,101.523,1,0,0,0,0,0,0.595116,0,0,0,0,13.7907,0,MCA205,CIV151,PD1Ab
225,4.11051,3500,0.001,0.522325,209.213,5.32828,1333.37,80,4978.71,1.86059,100.767,1,4.09614,3500,0.001,0.521743,209.674,5.30354,1279.92,80,4978.71,1.82315,100.354,1,4.09614,3500,0.001,0.521743,209.674,5.14567,1279.92,80,4978.71,1.82315,98.925,1,0,0,0,0,0,0.662757,0,0,0,0,12.4014,0,MCA205,CIV151,PD1Ab
226,4.11051,3500,0.001,0.522325,209.213,4.99606,1333.37,80,4978.71,1.86059,102.277,1,4.09614,3500,0.001,0.521743,209.674,4.9624,1279.92,80,4978.71,1.82315,99.5517,1,4.09614,3500,0.001,0.521743,209.674,4.83742,1279.92,80,4978.71,1.82315,99.7396,1,0,0,0,0,0,0.611273,0,0,0,0,13.1786,0,MCA205,CIV151,PD1Ab
227,4.11051,3500,0.001,0.522325,209.213,4.89725,1333.37,80,4978.71,1.86059,107.052,1,4.09614,3500,0.001,0.521743,209.674,4.9325,1279.92,80,4978.71,1.82315,101.891,1,4.09614,3500,0.001,0.521743,209.674,4.81613,1279.92,80,4978.71,1.82315,102.905,1,0,0,0,0,0,0.658683,0,0,0,0,14.3581,0,MCA205,CIV151,PD1Ab
228,4.11051,3500,0.001,0.522325,209.213,3.40957,1333.37,80,4978.71,1.86059,97.9076,1,4.09614,3500,0.001,0.521743,209.674,3.50177,1279.92,80,4978.71,1.82315,98.093,1,4.09614,3500,0.001,0.521743,209.674,3.36662,1279.92,80,4978.71,1.82315,96.2064,1,0,0,0,0,0,0.377785,0,0,0,0,10.6747,0,MCA205,CIV151,PD1Ab
229,4.11051,3500,0.001,0.522325,209.213,4.04229,1333.37,80,4978.71,1.86059,98.0487,1,4.09614,3500,0.001,0.521743,209.674,4.35974,1279.92,80,4978.71,1.82315,106.751,1,4.09614,3500,0.001,0.521743,209.674,4.10793,1279.92,80,4978.71,1.82315,102.508,1,0,0,0,0,0,0.436445,0,0,0,0,13.3096,0,MCA205,CIV151,PD1Ab
230,4.11051,3500,0.001,0.522325,209.213,2.7716,1333.37,80,4978.71,1.86059,105.726,1,4.09614,3500,0.001,0.521743,209.674,2.8551,1279.92,80,4978.71,1.82315,110.853,1,4.09614,3500,0.001,0.521743,209.674,2.75075,1279.92,80,4978.71,1.82315,106.714,1,0,0,0,0,0,0.247146,0,0,0,0,13.1945,0,MCA205,CIV151,PD1Ab
231,4.11051,3500,0.001,0.522325,209.213,3.93816,1333.37,80,4978.71,1.86059,96.0236,1,4.09614,3500,0.001,0.521743,209.674,4.22205,1279.92,80,4978.71,1.82315,101.673,1,4.09614,3500,0.001,0.521743,209.674,3.99959,1279.92,80,4978.71,1.82315,97.4081,1,0,0,0,0,0,0.497447,0,0,0,0,13.2511,0,MCA205,CIV151,BID50
232,4.11051,3500,0.001,0.522325,209.213,3.44291,1333.37,80,4978.71,1.86059,91.3912,1,4.09614,3500,0.001,0.521743,209.674,3.41521,1279.92,80,4978.71,1.82315,90.2859,1,4.09614,3500,0.001,0.521743,209.674,3.38569,1279.92,80,4978.71,1.82315,90.7292,1,0,0,0,0,0,0.361524,0,0,0,0,10.0069,0,MCA205,CIV151,BID50
233,4.11051,3500,0.001,0.522325,209.213,3.41295,1333.37,80,4978.71,1.86059,97.1577,1,4.09614,3500,0.001,0.521743,209.674,3.38389,1279.92,80,4978.71,1.82315,95.347,1,4.09614,3500,0.001,0.521743,209.674,3.39549,1279.92,80,4978.71,1.82315,95.4815,1,0,0,0,0,0,0.396562,0,0,0,0,12.0834,0,MCA205,CIV151,BID50
234,4.11051,3500,0.001,0.522325,209.213,4.13535,1333.37,80,4978.71,1.86059,95.3132,1,4.09614,3500,0.001,0.521743,209.674,4.18274,1279.92,80,4978.71,1.82315,95.7101,1,4.09614,3500,0.001,0.521743,209.674,4.12154,1279.92,80,4978.71,1.82315,95.2396,1,0,0,0,0,0,0.4288,0,0,0,0,10.8603,0,MCA205,CIV151,BID50
235,4.11051,3500,0.001,0.522325,209.213,3.95385,1333.37,80,4978.71,1.86059,93.3441,1,4.09614,3500,0.001,0.521743,209.674,4.08407,1279.92,80,4978.71,1.82315,95.6619,1,4.09614,3500,0.001,0.521743,209.674,3.87847,1279.92,80,4978.71,1.82315,91.6915,1,0,0,0,0,0,0.47606,0,0,0,0,10.8142,0,MCA205,CIV151,BID50
236,4.11051,3500,0.001,0.522325,209.213,4.35609,1333.37,80,4978.71,1.86059,105.251,1,4.09614,3500,0.001,0.521743,209.674,4.33638,1279.92,80,4978.71,1.82315,105.015,1,4.09614,3500,0.001,0.521743,209.674,4.25336,1279.92,80,4978.71,1.82315,103.876,1,0,0,0,0,0,0.370536,0,0,0,0,8.98138,0,MCA205,CIV151,BID50
237,4.11051,3500,0.001,0.522325,209.213,4.13751,1333.37,80,4978.71,1.86059,89.3191,1,4.09614,3500,0.001,0.521743,209.674,4.16858,1279.92,80,4978.71,1.82315,90.8787,1,4.09614,3500,0.001,0.521743,209.674,4.1394,1279.92,80,4978.71,1.82315,90.3013,1,0,0,0,0,0,0.525276,0,0,0,0,11.2824,0,MCA205,CIV151,BID50
238,4.11051,3500,0.001,0.522325,209.213,3.58773,1333.37,80,4978.71,1.86059,91.3115,1,4.09614,3500,0.001,0.521743,209.674,3.88069,1279.92,80,4978.71,1.82315,98.2231,1,4.09614,3500,0.001,0.521743,209.674,3.62241,1279.92,80,4978.71,1.82315,91.8814,1,0,0,0,0,0,0.335877,0,0,0,0,9.01658,0,MCA205,CIV151,BID50
239,4.11051,3500,0.001,0.522325,209.213,3.32566,1333.37,80,4978.71,1.86059,97.1226,1,4.09614,3500,0.001,0.521743,209.674,3.23293,1279.92,80,4978.71,1.82315,93.3573,1,4.09614,3500,0.001,0.521743,209.674,3.18548,1279.92,80,4978.71,1.82315,93.1147,1,0,0,0,0,0,0.467062,0,0,0,0,11.8529,0,MCA205,CIV151,BID50
240,4.11051,3500,0.001,0.522325,209.213,4.41627,1333.37,80,4978.71,1.86059,108.767,1,4.09614,3500,0.001,0.521743,209.674,4.31596,1279.92,80,4978.71,1.82315,103.311,1,4.09614,3500,0.001,0.521743,209.674,4.23479,1279.92,80,4978.71,1.82315,104.557,1,0,0,0,0,0,0.603977,0,0,0,0,14.275,0,MCA205,CIV151,BID50
301,4.11051,3500,0.001,0.522325,209.213,6.98411,1333.37,80,4978.71,1.86059,81.7378,1,4.09614,3500,0.001,0.521743,209.674,7.46009,1279.92,80,4978.71,1.82315,87.6523,1,4.09614,3500,0.001,0.521743,209.674,6.88712,1279.92,80,4978.71,1.82315,85.2376,1,0,0,0,0,0,1.7151,0,0,0,0,10.2874,0,MCA205,CIV258,Vehicle
302,4.11051,3500,0.001,0.522325,209.213,3.87507,1333.37,80,4978.71,1.86059,100.935,1,4.09614,3500,0.001,0.521743,209.674,3.55426,1279.92,80,4978.71,1.82315,94.8328,1,4.09614,3500,0.001,0.521743,209.674,3.61782,1279.92,80,4978.71,1.82315,97.3058,1,0,0,0,0,0,0.416541,0,0,0,0,10.9388,0,MCA205,CIV258,Vehicle
303,4.11051,3500,0.001,0.522325,209.213,3.18609,1333.37,80,4978.71,1.86059,103.243,1,4.09614,3500,0.001,0.521743,209.674,3.13673,1279.92,80,4978.71,1.82315,103.664,1,4.09614,3500,0.001,0.521743,209.674,3.04004,1279.92,80,4978.71,1.82315,102.513,1,0,0,0,0,0,0.46401,0,0,0,0,12.5087,0,MCA205,CIV258,Vehicle
304,4.11051,3500,0.001,0.522325,209.213,4.86831,1333.37,80,4978.71,1.86059,116.809,1,4.09614,3500,0.001,0.521743,209.674,4.94667,1279.92,80,4978.71,1.82315,112.435,1,4.09614,3500,0.001,0.521743,209.674,4.59866,1279.92,80,4978.71,1.82315,112.519,1,0,0,0,0,0,0.76929,0,0,0,0,14.5002,0,MCA205,CIV258,Vehicle
305,4.11051,3500,0.001,0.522325,209.213,8.62432,1333.37,80,4978.71,1.86059,80.3572,1,4.09614,3500,0.001,0.521743,209.674,8.59814,1279.92,80,4978.71,1.82315,83.8518,1,4.09614,3500,0.001,0.521743,209.674,8.30609,1279.92,80,4978.71,1.82315,82.9695,1,0,0,0,0,0,1.52844,0,0,0,0,10.4037,0,MCA205,CIV258,Vehicle
306,4.11051,3500,0.001,0.522325,209.213,9.19429,1333.37,80,4978.71,1.86059,88.087,1,4.09614,3500,0.001,0.521743,209.674,8.98153,1279.92,80,4978.71,1.82315,89.5263,1,4.09614,3500,0.001,0.521743,209.674,8.67905,1279.92,80,4978.71,1.82315,89.9054,1,0,0,0,0,0,1.47007,0,0,0,0,10.6256,0,MCA205,CIV258,Vehicle
307,4.11051,3500,0.001,0.522325,209.213,7.27201,1333.37,80,4978.71,1.86059,92.3602,1,4.09614,3500,0.001,0.521743,209.674,7.00814,1279.92,80,4978.71,1.82315,93.1051,1,4.09614,3500,0.001,0.521743,209.674,6.9432,1279.92,80,4978.71,1.82315,93.0556,1,0,0,0,0,0,0.985722,0,0,0,0,14.0362,0,MCA205,CIV258,Vehicle
308,4.11051,3500,0.001,0.522325,209.213,12.2295,1333.37,80,4978.71,1.86059,86.0697,1,4.09614,3500,0.001,0.521743,209.674,11.5715,1279.92,80,4978.71,1.82315,82.6674,1,4.09614,3500,0.001,0.521743,209.674,11.2208,1279.92,80,4978.71,1.82315,85.2477,1,0,0,0,0,0,2.15263,0,0,0,0,11.5835,0,MCA205,CIV258,Vehicle
309,4.11051,3500,0.001,0.522325,209.213,8.4305,1333.37,80,4978.71,1.86059,88.932,1,4.09614,3500,0.001,0.521743,209.674,8.6024,1279.92,80,4978.71,1.82315,89.4668,1,4.09614,3500,0.001,0.521743,209.674,8.10091,1279.92,80,4978.71,1.82315,89.8363,1,0,0,0,0,0,1.33186,0,0,0,0,8.78199,0,MCA205,CIV258,PD1Ab
310,4.11051,3500,0.001,0.522325,209.213,8.399,1333.37,80,4978.71,1.86059,93.0046,1,4.09614,3500,0.001,0.521743,209.674,8.47876,1279.92,80,4978.71,1.82315,93.4554,1,4.09614,3500,0.001,0.521743,209.674,8.11087,1279.92,80,4978.71,1.82315,92.8962,1,0,0,0,0,0,1.27133,0,0,0,0,9.71483,0,MCA205,CIV258,PD1Ab
311,4.11051,3500,0.001,0.522325,209.213,7.15629,1333.37,80,4978.71,1.86059,96.9909,1,4.09614,3500,0.001,0.521743,209.674,6.96785,1279.92,80,4978.71,1.82315,95.2575,1,4.09614,3500,0.001,0.521743,209.674,6.86658,1279.92,80,4978.71,1.82315,95.8557,1,0,0,0,0,0,0.801514,0,0,0,0,10.7448,0,MCA205,CIV258,PD1Ab
312,4.11051,3500,0.001,0.522325,209.213,8.82505,1333.37,80,4978.71,1.86059,84.2294,1,4.09614,3500,0.001,0.521743,209.674,8.97051,1279.92,80,4978.71,1.82315,88.2174,1,4.09614,3500,0.001,0.521743,209.674,8.65673,1279.92,80,4978.71,1.82315,86.4974,1,0,0,0,0,0,1.5294,0,0,0,0,10.1878,0,MCA205,CIV258,PD1Ab
313,4.11051,3500,0.001,0.522325,209.213,4.33384,1333.37,80,4978.71,1.86059,102.941,1,4.09614,3500,0.001,0.521743,209.674,4.14982,1279.92,80,4978.71,1.82315,97.6143,1,4.09614,3500,0.001,0.521743,209.674,4.11652,1279.92,80,4978.71,1.82315,98.4859,1,0,0,0,0,0,0.553145,0,0,0,0,11.9071,0,MCA205,CIV258,PD1Ab
314,4.11051,3500,0.001,0.522325,209.213,3.78391,1333.37,80,4978.71,1.86059,108.052,1,4.09614,3500,0.001,0.521743,209.674,3.62682,1279.92,80,4978.71,1.82315,101.908,1,4.09614,3500,0.001,0.521743,209.674,3.61339,1279.92,80,4978.71,1.82315,103.268,1,0,0,0,0,0,0.362874,0,0,0,0,10.5654,0,MCA205,CIV258,PD1Ab
315,4.11051,3500,0.001,0.522325,209.213,3.65212,1333.37,80,4978.71,1.86059,107.39,1,4.09614,3500,0.001,0.521743,209.674,3.54944,1279.92,80,4978.71,1.82315,102.863,1,4.09614,3500,0.001,0.521743,209.674,3.55828,1279.92,80,4978.71,1.82315,103.914,1,0,0,0,0,0,0.381507,0,0,0,0,12.6746,0,MCA205,CIV258,PD1Ab
316,4.11051,3500,0.001,0.522325,209.213,5.66656,1333.37,80,4978.71,1.86059,98.7285,1,4.09614,3500,0.001,0.521743,209.674,5.47685,1279.92,80,4978.71,1.82315,95.8424,1,4.09614,3500,0.001,0.521743,209.674,5.31828,1279.92,80,4978.71,1.82315,95.4863,1,0,0,0,0,0,0.558821,0,0,0,0,10.3929,0,MCA205,CIV258,PD1Ab
317,4.11051,3500,0.001,0.522325,209.213,6.42517,1333.37,80,4978.71,1.86059,91.5946,1,4.09614,3500,0.001,0.521743,209.674,6.65364,1279.92,80,4978.71,1.82315,94.4,1,4.09614,3500,0.001,0.521743,209.674,6.48332,1279.92,80,4978.71,1.82315,94.3465,1,0,0,0,0,0,0.934438,0,0,0,0,11.396,0,MCA205,CIV258,BID50
318,4.11051,3500,0.001,0.522325,209.213,4.62023,1333.37,80,4978.71,1.86059,97.295,1,4.09614,3500,0.001,0.521743,209.674,4.48172,1279.92,80,4978.71,1.82315,93.8485,1,4.09614,3500,0.001,0.521743,209.674,4.41044,1279.92,80,4978.71,1.82315,93.6844,1,0,0,0,0,0,0.547973,0,0,0,0,11.6427,0,MCA205,CIV258,BID50
319,4.11051,3500,0.001,0.522325,209.213,3.43611,1333.37,80,4978.71,1.86059,98.4846,1,4.09614,3500,0.001,0.521743,209.674,3.51367,1279.92,80,4978.71,1.82315,99.8625,1,4.09614,3500,0.001,0.521743,209.674,3.50869,1279.92,80,4978.71,1.82315,100.771,1,0,0,0,0,0,0.360773,0,0,0,0,10.6539,0,MCA205,CIV258,BID50
320,4.11051,3500,0.001,0.522325,209.213,5.80834,1333.37,80,4978.71,1.86059,104.663,1,4.09614,3500,0.001,0.521743,209.674,5.71829,1279.92,80,4978.71,1.82315,101.721,1,4.09614,3500,0.001,0.521743,209.674,5.67977,1279.92,80,4978.71,1.82315,103.1,1,0,0,0,0,0,0.742005,0,0,0,0,12.1734,0,MCA205,CIV258,BID50
321,4.11051,3500,0.001,0.522325,209.213,6.38673,1333.37,80,4978.71,1.86059,94.773,1,4.09614,3500,0.001,0.521743,209.674,6.58155,1279.92,80,4978.71,1.82315,95.3339,1,4.09614,3500,0.001,0.521743,209.674,6.20331,1279.92,80,4978.71,1.82315,94.551,1,0,0,0,0,0,1.13676,0,0,0,0,14.1062,0,MCA205,CIV258,BID50
322,4.11051,3500,0.001,0.522325,209.213,7.12669,1333.37,80,4978.71,1.86059,93.8353,1,4.09614,3500,0.001,0.521743,209.674,7.14437,1279.92,80,4978.71,1.82315,93.961,1,4.09614,3500,0.001,0.521743,209.674,6.88149,1279.92,80,4978.71,1.82315,93.3616,1,0,0,0,0,0,0.952689,0,0,0,0,10.0197,0,MCA205,CIV258,BID50
323,4.11051,3500,0.001,0.522325,209.213,4.90866,1333.37,80,4978.71,1.86059,108.144,1,4.09614,3500,0.001,0.521743,209.674,4.97724,1279.92,80,4978.71,1.82315,107.901,1,4.09614,3500,0.001,0.521743,209.674,4.82808,1279.92,80,4978.71,1.82315,107.846,1,0,0,0,0,0,0.565998,0,0,0,0,11.7181,0,MCA205,CIV258,BID50
324,4.11051,3500,0.001,0.522325,209.213,7.48859,1333.37,80,4978.71,1.86059,98.4834,1,4.09614,3500,0.001,0.521743,209.674,7.56814,1279.92,80,4978.71,1.82315,98.548,1,4.09614,3500,0.001,0.521743,209.674,7.32096,1279.92,80,4978.71,1.82315,98.037,1,0,0,0,0,0,0.993299,0,0,0,0,10.9094,0,MCA205,CIV258,BID50
341,4.11051,3500,0.001,0.522325,209.213,4.13438,1333.37,80,4978.71,1.86059,114.571,1,4.09614,3500,0.001,0.521743,209.674,4.08669,1279.92,80,4978.71,1.82315,112.717,1,4.09614,3500,0.001,0.521743,209.674,3.86147,1279.92,80,4978.71,1.82315,107.476,1,0,0,0,0,0,0.455005,0,0,0,0,12.253,0,MCA205,CIV258,BID25
342,4.11051,3500,0.001,0.522325,209.213,7.86377,1333.37,80,4978.71,1.86059,98.6225,1,4.09614,3500,0.001,0.521743,209.674,7.81733,1279.92,80,4978.71,1.82315,95.1483,1,4.09614,3500,0.001,0.521743,209.674,7.72022,1279.92,80,4978.71,1.82315,98.4674,1,0,0,0,0,0,1.04596,0,0,0,0,12.2019,0,MCA205,CIV258,BID25
343,4.11051,3500,0.001,0.522325,209.213,6.51355,1333.37,80,4978.71,1.86059,103.13,1,4.09614,3500,0.001,0.521743,209.674,6.62197,1279.92,80,4978.71,1.82315,104.913,1,4.09614,3500,0.001,0.521743,209.674,6.39791,1279.92,80,4978.71,1.82315,103.049,1,0,0,0,0,0,0.731761,0,0,0,0,12.5779,0,MCA205,CIV258,BID25
344,4.11051,3500,0.001,0.522325,209.213,7.37234,1333.37,80,4978.71,1.86059,98.0538,1,4.09614,3500,0.001,0.521743,209.674,7.84536,1279.92,80,4978.71,1.82315,102.122,1,4.09614,3500,0.001,0.521743,209.674,7.19657,1279.92,80,4978.71,1.82315,97.7283,1,0,0,0,0,0,1.08585,0,0,0,0,12.526,0,MCA205,CIV258,BID25
345,4.11051,3500,0.001,0.522325,209.213,3.95003,1333.37,80,4978.71,1.86059,104.613,1,4.09614,3500,0.001,0.521743,209.674,3.5022,1279.92,80,4978.71,1.82315,100.265,1,4.09614,3500,0.001,0.521743,209.674,3.46104,1279.92,80,4978.71,1.82315,100.511,1,0,0,0,0,0,0.81812,0,0,0,0,12.0863,0,MCA205,CIV258,BID25
346,4.11051,3500,0.001,0.522325,209.213,6.14565,1333.37,80,4978.71,1.86059,106.822,1,4.09614,3500,0.001,0.521743,209.674,6.23154,1279.92,80,4978.71,1.82315,106.759,1,4.09614,3500,0.001,0.521743,209.674,6.0386,1279.92,80,4978.71,1.82315,106.707,1,0,0,0,0,0,0.679525,0,0,0,0,10.7611,0,MCA205,CIV258,BID25
347,4.11051,3500,0.001,0.522325,209.213,6.93021,1333.37,80,4978.71,1.86059,89.6526,1,4.09614,3500,0.001,0.521743,209.674,7.21894,1279.92,80,4978.71,1.82315,91.7727,1,4.09614,3500,0.001,0.521743,209.674,6.9974,1279.92,80,4978.71,1.82315,91.651,1,0,0,0,0,0,0.938382,0,0,0,0,10.0695,0,MCA205,CIV258,BID25
348,4.11051,3500,0.001,0.522325,209.213,4.81702,1333.37,80,4978.71,1.86059,111.977,1,4.09614,3500,0.001,0.521743,209.674,4.72426,1279.92,80,4978.71,1.82315,109.741,1,4.09614,3500,0.001,0.521743,209.674,4.60085,1279.92,80,4978.71,1.82315,108.648,1,0,0,0,0,0,0.529658,0,0,0,0,15.7635,0,MCA205,CIV258,BID25
349,4.11051,3500,0.001,0.522325,209.213,7.12098,1333.37,80,4978.71,1.86059,97.1114,1,4.09614,3500,0.001,0.521743,209.674,7.3263,1279.92,80,4978.71,1.82315,95.6189,1,4.09614,3500,0.001,0.521743,209.674,6.87559,1279.92,80,4978.71,1.82315,96.4557,1,0,0,0,0,0,1.17692,0,0,0,0,9.885,0,MCA205,CIV258,BID10
350,4.11051,3500,0.001,0.522325,209.213,6.64023,1333.37,80,4978.71,1.86059,111.808,1,4.09614,3500,0.001,0.521743,209.674,6.65976,1279.92,80,4978.71,1.82315,110.26,1,4.09614,3500,0.001,0.521743,209.674,6.42713,1279.92,80,4978.71,1.82315,110.969,1,0,0,0,0,0,0.769148,0,0,0,0,11.7254,0,MCA205,CIV258,BID10
351,4.11051,3500,0.001,0.522325,209.213,9.34955,1333.37,80,4978.71,1.86059,84.6443,1,4.09614,3500,0.001,0.521743,209.674,9.78138,1279.92,80,4978.71,1.82315,84.4917,1,4.09614,3500,0.001,0.521743,209.674,9.13702,1279.92,80,4978.71,1.82315,85.1981,1,0,0,0,0,0,1.78879,0,0,0,0,8.26955,0,MCA205,CIV258,BID10
352,4.11051,3500,0.001,0.522325,209.213,5.8,1333.37,80,4978.71,1.86059,93.5205,1,4.09614,3500,0.001,0.521743,209.674,6.17818,1279.92,80,4978.71,1.82315,95.8074,1,4.09614,3500,0.001,0.521743,209.674,5.63744,1279.92,80,4978.71,1.82315,91.3573,1,0,0,0,0,0,0.946976,0,0,0,0,11.9272,0,MCA205,CIV258,BID10
353,4.11051,3500,0.001,0.522325,209.213,4.32094,1333.37,80,4978.71,1.86059,104.665,1,4.09614,3500,0.001,0.521743,209.674,4.26461,1279.92,80,4978.71,1.82315,102.996,1,4.09614,3500,0.001,0.521743,209.674,4.25825,1279.92,80,4978.71,1.82315,103.136,1,0,0,0,0,0,0.516107,0,0,0,0,15.2644,0,MCA205,CIV258,BID10
354,4.11051,3500,0.001,0.522325,209.213,5.58288,1333.37,80,4978.71,1.86059,88.3919,1,4.09614,3500,0.001,0.521743,209.674,5.60658,1279.92,80,4978.71,1.82315,87.659,1,4.09614,3500,0.001,0.521743,209.674,5.5222,1279.92,80,4978.71,1.82315,88.874,1,0,0,0,0,0,0.916111,0,0,0,0,12.6999,0,MCA205,CIV258,BID10
355,4.11051,3500,0.001,0.522325,209.213,3.85798,1333.37,80,4978.71,1.86059,110.506,1,4.09614,3500,0.001,0.521743,209.674,3.91755,1279.92,80,4978.71,1.82315,113.833,1,4.09614,3500,0.001,0.521743,209.674,3.7241,1279.92,80,4978.71,1.82315,107.435,1,0,0,0,0,0,0.439561,0,0,0,0,14.7948,0,MCA205,CIV258,BID10
356,4.11051,3500,0.001,0.522325,209.213,6.89947,1333.37,80,4978.71,1.86059,88.9711,1,4.09614,3500,0.001,0.521743,209.674,6.54994,1279.92,80,4978.71,1.82315,84.5037,1,4.09614,3500,0.001,0.521743,209.674,6.4394,1279.92,80,4978.71,1.82315,85.9487,1,0,0,0,0,0,0.940575,0,0,0,0,9.38438,0,MCA205,CIV258,BID10
